image_width: 640
image_height: 480
camera_name: head_camera_right
camera_matrix:
  rows: 3
  cols: 3
  data: [465.75595118386957, 0.0, 366.31059751129663, 0.0, 469.37957075116253, 261.1496496362719, 0.0, 0.0, 1.0]
distortion_model: plumb_bob
distortion_coefficients:
  rows: 1
  cols: 5
  data: [-0.3664239705735793, 0.09991861439520103, -0.0010465005036706624, 0.0022396635385039244, 0.0]
rectification_matrix:
  rows: 3
  cols: 3
  data: [0.9990047606360711, 0.003203633579481439, -0.04448848118732183, -0.003034733320316829, 0.9999879317526663, 0.003863514293910088, 0.04450032157345415, -0.0037246584961722214, 0.9990024265731019]
projection_matrix:
  rows: 3
  cols: 4
  data: [435.2093481687414, 0.0, 410.02579498291016, -43.72038094892493, 0.0, 435.2093481687414, 254.64282608032227, 0.0, 0.0, 0.0, 1.0, 0.0]
