image_width: 752
image_height: 480
camera_name: head_camera_left
camera_matrix:
  rows: 3
  cols: 3
  data: [468.70106544067465, 0.0, 389.25732358366554, 0.0, 471.890442613683, 251.34206845121588, 0.0, 0.0, 1.0]
distortion_model: plumb_bob
distortion_coefficients:
  rows: 1
  cols: 5
  data: [-0.36033694646921444, 0.0957689721048576, 1.5656812586047986e-05, -0.0014071448994383525, 0.0]
rectification_matrix:
  rows: 3
  cols: 3
  data: [0.9993179553859588, 0.0011718842525115544, -0.03690868096431548, -0.0013119692796198007, 0.9999920273879407, -0.003771458227955768, 0.0369039669932142, 0.0038173089807607913, 0.9993115256877152]
projection_matrix:
  rows: 3
  cols: 4
  data: [435.2093481687414, 0.0, 410.02579498291016, 0.0, 0.0, 435.2093481687414, 254.64282608032227, 0.0, 0.0, 0.0, 1.0, 0.0]
