Left:
('D = ', [-0.36033694646921444, 0.0957689721048576, 1.5656812586047986e-05, -0.0014071448994383525, 0.0])
('K = ', [468.70106544067465, 0.0, 389.25732358366554, 0.0, 471.890442613683, 251.34206845121588, 0.0, 0.0, 1.0])
('R = ', [0.9993179553859588, 0.0011718842525115544, -0.03690868096431548, -0.0013119692796198007, 0.9999920273879407, -0.003771458227955768, 0.0369039669932142, 0.0038173089807607913, 0.9993115256877152])
('P = ', [435.2093481687414, 0.0, 410.02579498291016, 0.0, 0.0, 435.2093481687414, 254.64282608032227, 0.0, 0.0, 0.0, 1.0, 0.0])

Right:
('D = ', [-0.3664239705735793, 0.09991861439520103, -0.0010465005036706624, 0.0022396635385039244, 0.0])
('K = ', [465.75595118386957, 0.0, 366.31059751129663, 0.0, 469.37957075116253, 261.1496496362719, 0.0, 0.0, 1.0])
('R = ', [0.9990047606360711, 0.003203633579481439, -0.04448848118732183, -0.003034733320316829, 0.9999879317526663, 0.003863514293910088, 0.04450032157345415, -0.0037246584961722214, 0.9990024265731019])
('P = ', [435.2093481687414, 0.0, 410.02579498291016, -43.72038094892493, 0.0, 435.2093481687414, 254.64282608032227, 0.0, 0.0, 0.0, 1.0, 0.0])
('self.T ', [-0.10035829627415077, -0.0003218315073080392, 0.004469236135513014])
('self.R ', [0.9999696146951, -0.0016941197012015617, 0.007609181622958002, 0.0017520404377979943, 0.9999694953522376, -0.007611748767246453, -0.0075960542940056485, 0.007624849075841306, 0.9999420791404536])
None
# oST version 5.0 parameters


[image]

width
752

height
480

[narrow_stereo/left]

camera matrix
468.701065 0.000000 389.257324
0.000000 471.890443 251.342068
0.000000 0.000000 1.000000

distortion
-0.360337 0.095769 0.000016 -0.001407 0.000000

rectification
0.999318 0.001172 -0.036909
-0.001312 0.999992 -0.003771
0.036904 0.003817 0.999312

projection
435.209348 0.000000 410.025795 0.000000
0.000000 435.209348 254.642826 0.000000
0.000000 0.000000 1.000000 0.000000

# oST version 5.0 parameters


[image]

width
752

height
480

[narrow_stereo/right]

camera matrix
465.755951 0.000000 366.310598
0.000000 469.379571 261.149650
0.000000 0.000000 1.000000

distortion
-0.366424 0.099919 -0.001047 0.002240 0.000000

rectification
0.999005 0.003204 -0.044488
-0.003035 0.999988 0.003864
0.044500 -0.003725 0.999002

projection
435.209348 0.000000 410.025795 -43.720381
0.000000 435.209348 254.642826 0.000000
0.000000 0.000000 1.000000 0.000000

